	Zo_NP_1	Zo_NP_3	Zo_NP_4	Zo_NP_5	Zo_NP_6	Zo_NP_8	Zo_NP_9	Zo_NP_10	Zo_NP_11	Zo_NP_12	Zo_NP_13	Zo_NP_14	Zo_NP_15	SW_NP_1	SW_NP_3	SW_NP_5	Zo_PR_1	Zo_PR_2	Zo_PR_3	Zo_PR_4	SW_PR_1	SW_PR_2	SW_PR_3	SW_PR_4	SW_PR_5	SW_PR_6	SW_PR_7
nonPR_Hols_1	54550.7919330114	54826.4013815528	52283.0354418468	52355.7139838967	56962.6132410007	52270.8632689682	53843.6260357092	59426.2591601363	51943.9175058523	55066.7556607241	58635.7254265818	56139.3874318599	57843.0588086	59875.2227925249	57828.941838899	55872.6311139461	61455.2576598954	62641.3587741779	63378.2552042532	60946.2275869581	57137.7745662709	59052.1184714982	56367.8124694304	55416.9933187736	56701.3438441667	56704.6112552946	57490.7666724092
nonPR_Hols_2	55610.262029065	55820.3917040988	53283.8607724624	53346.5298703958	58000.4726245157	53256.2357646684	54890.7797939988	60541.2300852942	52861.833350585	56123.3804341152	59767.0943522714	57258.6105126382	58938.7668704368	60993.6423226756	58926.8337274313	56912.6598367069	62594.7408820411	63803.3806488774	64580.6119561192	62092.995594762	58180.7015138797	60178.4102322797	57459.6369404873	56430.2595005869	57734.3322154144	57766.359886968	58532.6044300425
nonPR_Hols_3	55878.9593608144	56141.9815033623	53499.3665882648	53663.1555378436	58339.451252125	53577.0396295931	55178.285307028	60881.009444372	53182.8537326415	56422.1321485536	60046.0414230228	57510.7341500772	59198.724872773	61278.905788461	59260.103240127	57229.2640706408	62942.7881714797	64140.1978564758	64883.6503156449	62335.7422752216	58515.8935616665	60487.3336469414	57836.6619457078	56766.7437063822	58042.5310204102	58059.7251391439	58867.2188187514
nonPR_Hols_4	56561.1005922627	56708.4865521823	54034.9993990864	54256.6838243792	59036.2585886002	54100.0564955387	55748.0661120072	61553.0119353108	53632.146386466	57106.8216343022	60721.6859127311	58359.3516234267	59866.9494843061	61869.1105410096	59875.8716465808	57781.64065447	63535.2400876147	64811.6969470793	65540.4413137568	62878.9123224347	59055.8556589078	61227.1293224246	58408.8649593521	57263.850601803	58516.0344166205	58762.8205835819	59480.2214928153
nonPR_Hols_5	54523.8261818917	54500.877925638	52167.589313754	52241.1222250695	56898.9447605821	51988.890266571	53797.2337196273	59141.9412956078	51588.4840456119	55040.3944871169	58552.2890319642	56216.1953884514	57850.2700314679	59696.8909871813	57689.3048076174	55756.5462456768	61351.5489107532	62540.5599575277	63272.3174928275	60701.9142284865	56880.5263924511	58993.2023407474	56240.2326255745	55197.5796933602	56395.5333534921	56581.9749984278	57277.83071107
nonPR_Hols_6	56728.3465518002	56993.059162719	54293.6535783766	54450.265454317	59211.9403554949	54335.7533084996	55959.4933885943	61796.5140866853	53929.3837933402	57276.6505944617	60914.4498489049	58418.7452020203	60084.5502103201	62150.2667519885	60152.4380574521	58057.488790025	63884.352941927	65118.8571716298	65900.8218010478	63264.0845406002	59378.9108572649	61422.3671857144	58644.4300853275	57589.4498669932	58869.7394514066	58967.643383378	59724.6190410521
nonPR_Hols_7	56206.8402163548	56422.862865111	53794.3039962049	53949.3292085297	58652.9499048415	53869.4285326222	55459.1995636653	61177.3474121952	53464.7396289105	56715.4400219676	60374.0288097769	57846.7764879542	59528.7852482482	61589.9594937111	59589.875313089	57519.8629598332	63290.4389070462	64502.1992594041	65238.2767088657	62655.964644013	58826.3292776437	60838.9129015536	58141.1138033218	57059.8559048329	58361.6684402477	58378.9238536252	59152.9889352653
nonPR_Hols_8	56276.186368196	56469.2504031144	53860.2265784343	54018.9009677762	58744.7607832551	53896.0160881921	55543.6726234998	61240.850213668	53527.7737785201	56806.6422019162	60436.6411432645	57940.2372369557	59645.3162597684	61631.2468068887	59655.6975976353	57555.5320852762	63375.1107756874	64539.3180290752	65322.2435221965	62705.5063117824	58913.8753694189	60947.108060078	58207.7657636139	57123.5247901508	58400.5066370242	58463.9084277193	59211.3655181249
nonPR_Hols_9	55280.1565255053	55592.3226862144	52921.5827730013	53053.7956741951	57666.7366796595	52960.4089224361	54504.904355945	60237.1729998216	52603.0142883358	55769.404358708	59365.0678325358	56878.2378482272	58576.9041616786	60624.6770187655	58649.411720903	56576.2147515485	62239.2008086579	63472.3647131824	64208.0188485028	61695.9699615652	57919.5549681217	59825.4688064961	57145.5857157892	56132.3656302086	57426.7311390931	57461.8911540733	58241.9447217787
nonPR_Hols_10	56136.2404920681	56377.4930569772	53718.7424784487	53906.7550698733	58571.1678448312	53810.7000924471	55438.2142528273	61134.9471701308	53413.185657638	56664.3483441421	60283.1818091449	57794.6562697418	59450.9326102993	61519.835524134	59511.7066099631	57478.3665864002	63201.6174481232	64403.982497966	65178.4635429916	62589.2567266156	58746.7756472184	60753.1915243257	58054.8829666724	57015.6826767221	58260.3505022959	58317.9433793979	59090.2107782823
nonPR_Hols_11	54726.5843912489	54839.8658176062	52371.0597366202	52487.3480182713	57042.4803695404	52377.8150074325	53975.2000166743	59388.495354566	52001.4336765866	55159.3019100219	58764.2835032622	56292.2588108191	57965.148366759	59934.5188800666	57921.2127565579	55960.9621657568	61550.7774435603	62746.2044634517	63474.668489275	60968.1520543846	57183.4377173146	59207.8888655476	56568.3669386071	55513.9710775798	56758.6669233106	56758.625263504	57521.2317045996
PR_Hols_1	57790.7719627173	58012.8913297188	55257.3958238116	55443.5851866964	60282.1863125752	55347.7901001939	56997.4882764515	62963.4785898521	54934.9161447782	58311.14331101	62063.5445187453	59525.7011019559	61206.2909560126	63315.1450832713	61251.9015086789	59105.965427479	65046.0193755375	66274.9292021753	67125.7524382495	64409.020188361	60441.935967916	62536.8635286775	59719.0344262888	58598.1617457352	59952.9044733775	60100.0189170325	60824.2768254701
PR_Hols_2	56718.0337483103	57006.2494267867	54293.838649572	54369.7604743289	59120.5508019934	54335.6662837492	55864.0504470293	61756.6854715382	53880.4912221003	57208.3392562569	60888.8239940975	58419.2189328204	60028.4044169204	62172.036578963	60127.7851386571	57985.6771523292	63847.066699791	65057.1496252199	65856.6644962557	63266.3472587452	59340.4485684814	61380.7848748404	58595.7102754956	57506.3239869367	58892.3092908779	58923.291594378	59770.8956286634
PR_Hols_3	56158.6989635394	56439.2380823319	53756.6267698609	53919.14248045	58608.9087789986	53820.3435616399	55419.8417249476	61231.5021503069	53440.715326071	56690.7162973775	60283.9272501708	57816.5236943689	59450.2668995585	61552.7971088372	59538.5017898953	57467.4457581754	63199.8850404083	64449.5620609601	65180.8356544688	62617.1461430549	58797.2078950222	60757.4435476791	58050.1235013239	57036.0049077183	58297.7686765444	58374.9436974416	59159.0316553271
PR_Hols_4	56339.7334424333	56609.0074299562	53890.0808184261	54021.3958699051	58788.0998530193	53961.4099639881	55559.5887616047	61355.1123294132	53538.7374506998	56852.2720347475	60488.4204122303	58008.5204582542	59668.9808867477	61752.5479026483	59729.4528141692	57650.5693283176	63420.1301037387	64693.8448377533	65450.4178074229	62813.4480490257	58959.6907197037	60985.8039864432	58230.4173447713	57164.5876594588	58469.7250374626	58512.3202613584	59332.2174090052
PR_Hols_5	56083.7229072401	56307.8489494097	53685.0171201947	53773.2868060417	58489.2202160253	53711.2430538081	55315.5807762052	61068.471161603	53299.4885328929	56616.3757870554	60280.709041661	57769.172075579	59420.5955191913	61494.7468351947	59410.0782658757	57385.5543267196	63180.8450631634	64390.3540996327	65236.1360344156	62567.1737264969	58644.820856796	60746.8674059007	57965.9355150716	56908.0671278407	58245.0881898119	58263.4622158622	59077.7663707534
PR_Hols_6	56434.8485262516	56709.0943378629	53994.9887944176	54174.1173691222	58845.8943995463	54086.9896172013	55693.3092055014	61498.9541874981	53684.6818325929	56968.3654705143	60628.3677555165	58120.374339975	59780.8203045049	61856.7269075689	59829.4891355068	57801.2082519584	63557.6416020152	64773.673835945	65565.7840446218	62913.0295611224	59035.2526710906	61088.3778790563	58353.895534007	57306.3034182488	58577.716014286	58642.1193434949	59439.740943055
PR_Hols_7	56835.5270664166	57080.9224402928	54396.8938539927	54516.0393779872	59275.1401432199	54452.3504107882	56033.0247134538	61892.325138363	54028.1353346442	57395.7734729478	61062.1254932654	58511.2791422079	60182.4352282842	62267.8205318265	60252.6535326717	58142.9671875909	64002.1485115866	65234.5959703312	66036.7597812633	63387.5116500492	59479.5204442173	61529.8882549396	58797.1850594417	57702.7524185221	58994.2767328201	59046.5522887209	59856.5546604613
PR_Hols_8	56674.9769942164	56965.9572894291	54212.5058440886	54385.0937359738	59129.3644942062	54292.6728651739	55859.075437764	61778.7081499838	53856.7041661107	57229.2160466967	60839.2203621821	58364.4102530916	60004.4153467192	62103.6383334556	60096.9969083403	57957.6733171915	63845.1898846622	65054.4783534614	65840.1420535107	63205.6299154693	59320.6338748252	61385.9062868694	58608.1452480223	57541.4904785159	58821.2867713931	58920.7138671182	59689.7311853068
PR_Jap_1	57842.2635592637	57965.3506331853	55275.9218309206	55169.676980931	60161.7646647764	55086.6231504718	56800.3007916099	62705.6927479234	54815.3344258157	58150.0592285857	62113.6002083076	59549.2806801298	61285.8139159436	63362.2238990919	60972.0696140378	59042.2218138755	64941.5815481956	66364.6273152985	67321.6227502707	64506.3347741342	60192.5512013805	62417.6760003977	59493.2514329667	58496.5995941087	60031.0770570709	59954.5615482829	60933.3636099731
PR_Jap_2	57921.0397022492	57955.6814677172	55278.3005961959	55187.6415928199	60139.7705060753	55035.8871546699	56788.1592765028	62705.9946089457	54855.0291041407	58153.543010468	62176.5910208016	59552.9584237859	61324.4590008709	63418.0829074252	61068.1976066691	59100.6883187244	64942.6982787682	66411.3297366043	67308.9815401901	64582.7555127083	60237.7005287449	62364.5394992328	59512.1534509	58569.4812302288	60047.0672797934	60004.9472780873	60984.9676093344
PR_Jap_3	58170.6433783934	58282.432308452	55569.0875311575	55499.1931369244	60421.3845553425	55378.4381234098	57057.6365798697	63008.4739847282	55141.3853180637	58463.0350785025	62426.4759630969	59861.1954275078	61551.1806272534	63663.6496179986	61334.6743249432	59349.347181789	65269.0312410672	66720.8525167601	67594.5985667742	64821.0870797929	60515.8555597518	62745.5462604883	59784.7225437455	58834.3813200004	60315.2247202091	60260.7575107589	61223.7090110705
PR_Jap_4	59143.5780058096	59231.5880857075	56496.8719867187	56405.5734892717	61460.3097768364	56280.7580807337	58044.9939774406	64001.519224996	56044.1251298281	59438.9016317108	63472.4427621226	60839.9340974006	62590.7129500374	64634.7924699981	62268.4426041431	60281.408738205	66263.1226244515	67778.523574051	68700.831179721	65832.5877426272	61432.4640880176	63782.4664828811	60798.3199568801	59781.9960508061	61264.755635136	61273.6475647835	62259.1269213858
PR_Jap_5	57936.6512473837	57991.7425629225	55324.5990052818	55201.2911947673	60174.3078226124	55118.1106065293	56813.5390404154	62748.6460545298	54882.3493922638	58202.0306131578	62176.3228137106	59599.0589064965	61282.5022374811	63405.7051442867	61045.012347299	59088.5015615475	64972.6638794855	66385.1014221864	67350.7445210111	64561.9650533206	60247.6241189103	62449.9515448834	59527.1183615507	58566.1991068267	60054.6371446502	60023.5879849837	60963.9418266707
PR_Jap_6	57329.8025597131	57266.6246428051	54723.7916613714	54643.1038636174	59607.0576529052	54531.0685609256	56265.5752365725	61971.9601417036	54262.5628942857	57592.8436985278	61512.0437801762	58997.844355678	60662.0850246552	62687.1414645889	60356.3623372986	58468.9509077354	64237.8741003207	65685.7130060643	66579.8362024481	63820.8581332553	59579.3814726675	61777.9012357096	58922.0271609481	57894.6933618816	59375.9781538403	59339.9533677998	60287.6545914047
nonPR_Jap_1	56877.6177333128	56849.9537224419	54333.3750719597	54297.8298044853	59157.9143651699	54149.2287214238	55838.5210633771	61439.9630785327	53887.4665602334	57179.1173396528	61079.4108395094	58513.7674582726	60201.2106492356	62234.4517337616	59923.1019468499	58023.3340158252	63722.0851299395	65184.2216980401	65976.7586547538	63318.1754098518	59139.9733196012	61339.7999403089	58499.5870811617	57497.7656622554	58984.2297940028	58853.6536558277	59849.1934987691
nonPR_Jap_2	56696.7734273544	56636.9766484455	54095.3277859922	54019.5630219017	58922.4443056968	53888.4623556443	55615.9622356747	61260.8668141456	53656.0914582287	56932.8645704658	60885.9133495115	58286.433291894	60015.5661186268	62039.3158067991	59709.3479170341	57839.4085074049	63475.4501548467	65020.5991793285	65835.5089443965	63175.0459414519	58907.9010372842	61037.3525591597	58269.5350874843	57314.1247250722	58698.7111786803	58654.6538403306	59626.1194737494
nonPR_Jap_3	57277.6865550607	57306.8518862368	54679.3670974546	54565.8788377131	59526.0866578645	54463.7355727287	56165.5397340169	62004.5692414559	54225.57737925	57564.08997936	61550.8387200524	58970.5023669927	60689.9242873959	62761.314256083	60386.0091978362	58490.4967138724	64253.4934210714	65722.0608440022	66635.2244371316	63914.4605721208	59558.451396557	61693.0347371971	58879.3278651688	57948.9430837342	59423.6844273986	59321.4025309745	60304.1905900633
nonPR_Jap_4	57551.8956205423	57589.0603069673	54931.3728942907	54842.0212906756	59803.4507270076	54741.1827544751	56466.7907921154	62240.6530618004	54461.034365478	57813.7032535671	61798.6835898047	59228.261900908	60913.8928375065	62933.2262592863	60612.4059473372	58704.5737530581	64474.2168589755	65983.8961593749	66870.1871689187	64133.989517229	59795.5546432236	62038.2365562915	59122.9156383286	58133.6720420439	59599.5907830748	59558.6327968792	60560.7540905138
nonPR_Jap_5	57190.0754888924	57066.0705040883	54530.3032889065	54438.0943074824	59400.9941144073	54330.8061353983	56058.6280282928	61735.0573355502	54024.723515887	57416.690140979	61436.7048105862	58849.9204303396	60518.9453375503	62552.4076821106	60192.995046824	58308.9238216564	64022.5574711094	65549.6668548389	66403.2572211335	63698.9268905618	59353.808681352	61564.6881234167	58743.036024188	57712.1397226622	59208.2393467578	59132.5881094911	60123.5958974227
nonPR_Sim_1	52593.6660547345	52787.162175299	50136.8863911763	50433.9808662819	54672.0524040363	50347.7629694928	51721.633057839	57399.8816332962	49828.4035000982	53049.3818022595	56485.8023529393	54112.3136921736	55652.9458728763	57725.9800426706	55902.6488850872	53836.9316852716	59287.6063640141	60430.9637636077	61096.2908284099	58933.8714184198	55163.969294505	56828.6154703255	54442.9674416215	53312.6022086468	54619.0643775459	54626.5605153463	55363.364189692
nonPR_Sim_2	53109.5732968433	53217.5804501209	50629.7990294364	50894.7963026305	55113.0192264472	50837.4631066848	52250.5343525353	57854.8993592135	50296.8940896914	53511.9077869327	56976.8148639722	54514.2694530359	56145.3325377601	58179.3322708543	56328.6929743806	54335.352903522	59753.0010048256	60931.8400987555	61619.7771473832	59421.6933821231	55633.095246525	57319.2040358977	54934.2542869997	53800.7601583579	55100.7828864428	55115.8887320893	55819.9819087537
nonPR_Sim_3	52822.8404188045	53074.8851565109	50362.7172686533	50658.2849875636	54870.7303134484	50549.695390798	51923.8203954212	57632.8895903924	50014.5972052367	53267.1268244373	56673.7105840868	54343.8017704063	55889.4910357859	57987.481526612	56186.7705333981	54055.1779482251	59610.9431430793	60714.8772466891	61362.7543859388	59216.6398849191	55418.3920675772	57089.8318481913	54676.4947602781	53537.135070994	54845.4970253448	54835.0946153764	55571.2366295521
PR_Sim_1	51553.7728561505	51721.587883313	49160.9157358101	49436.0114055272	53582.6711951462	49430.7032078189	50754.2035301997	56228.3568248368	48906.9926203764	51994.1085927783	55353.7584348293	53004.0318996414	54584.0777503382	56594.1888752281	54760.9967527168	52792.5225112675	58106.2231590231	59181.879241331	59875.6302860037	57759.5952277377	54034.3816756213	55661.6205970023	53338.099077581	52259.7184889422	53583.2293447101	53546.4785593056	54230.2979112055
PR_Sim_2	51913.2911769747	52125.5216137125	49543.9919574835	49827.5395808288	53993.4684478754	49835.2963730767	51151.16620193	56547.8400556223	49268.6914219939	52348.0156093108	55741.4720587193	53348.6328512272	54945.9522532322	56937.4329867252	55098.6428262648	53174.3991172551	58446.803669162	59575.5524896749	60253.3287447387	58100.6215793859	54386.8893883678	56080.9714082921	53721.6370356238	52656.9742521176	53940.8558171818	53958.6909678823	54639.8323818156
PR_Sim_3	52373.4594579513	52569.6878910134	49924.3465318355	50233.7992069369	54438.0811615255	50217.8721000736	51554.9529872402	57066.5048220296	49657.0266565017	52787.6630419851	56207.1105957199	53857.7268447825	55427.9523185144	57423.1036939685	55615.1491259696	53597.6142986585	59015.0398454792	60137.5284561875	60829.4664127964	58619.834499011	54888.9724892844	56600.1295907816	54202.0071294534	53079.4393044675	54400.5099237337	54393.2912119051	55095.4147370627
PR_Cont_1	51588.6878321329	51716.4982849106	49188.9315208003	49481.1530945005	53573.7957388603	49425.6171985739	50759.3719360325	56193.7587562417	48896.4792887297	52016.366434163	55387.3162919863	52990.7437956555	54628.3381449434	56630.3137689924	54798.0944599054	52878.6539333579	58118.2653872087	59250.1530124596	59878.1686086094	57816.2909731038	54081.8904513468	55672.8375408838	53343.2147025493	52310.7479085147	53617.8236646523	53512.3076997068	54252.3910215637
PR_Cont_2	52582.3599629382	52790.2584915121	50146.3846393309	50447.9696379041	54640.8034642521	50432.9052319686	51780.5463105456	57388.0038146995	49866.3261761347	53020.787038381	56428.3554051189	54053.0656168572	55639.5297123242	57705.4032635616	55851.9301389073	53868.9484736665	59291.182007804	60427.8373101038	61127.2258783179	58897.3788997966	55093.9468844012	56846.3622042981	54427.9314434284	53331.7652970395	54659.0314920965	54624.4770396577	55342.9450523181
PR_Cont_3	52561.5621624128	52818.053700427	50159.0515531026	50434.1480990855	54648.6735958675	50366.4569351147	51751.7990959739	57404.6535649877	49883.9797370499	52993.163434983	56480.3026658668	54112.3272109991	55685.8118358354	57717.2689043668	55904.8991848033	53837.2881277278	59285.1153024594	60379.8843135501	61084.1439611007	58918.7984702741	55164.4030611836	56830.1412458903	54404.7871492415	53335.0147165141	54675.8045657672	54598.4233777567	55342.8833657633
PR_Cont_4	53508.6036895985	53750.7696024601	50983.0159814118	51300.8990934821	55587.7628545603	51285.1127003341	52639.0521148543	58383.7409302971	50707.0569971297	53981.1203420859	57402.5281926142	55001.479851871	56589.7730571211	58738.8002264926	56869.9999068515	54764.8633548397	60344.1592459578	61459.171141581	62139.9414289386	59904.3337997897	56116.0372403964	57776.3271725353	55386.7695862349	54231.1451296732	55601.3477818033	55575.9145554249	56276.3990144863
PR_Cont_5	53521.447733589	53790.9123484691	51063.8434613402	51387.653489729	55640.8515916605	51377.7543303848	52734.6366680377	58435.2663980836	50815.8139204267	53977.9727455859	57439.9987036371	55056.601371927	56636.7388307672	58704.2376325393	56857.1919548653	54794.8830895381	60331.9055867641	61449.2093102626	62142.1013872139	59921.7685335323	56140.8211629958	57853.5527062686	55437.9290778435	54275.6857664807	55623.8548724806	55597.1579020445	56344.8219100459
PR_Cont_6	52735.2462986119	52973.1939414408	50245.1692468545	50553.9216390357	54806.4388642036	50533.8757528638	51882.3743722803	57526.761135008	50000.6752542702	53142.9076725959	56602.5800041137	54176.8008577806	55787.4543090963	57888.6952738526	56027.9277552711	53977.9479029667	59431.0727179158	60554.8561954768	61225.0819674391	59116.3263950612	55287.3854480767	56890.127064234	54607.3929633932	53469.6807619906	54793.0547593377	54814.9591555174	55521.2790109912
nonPR_Cont_1	52150.9261494504	52378.8812246564	49751.0583927704	50017.2054359893	54202.788725767	49990.3879284455	51377.4770646065	56843.8974913309	49469.1669510551	52597.1340014094	56005.0533104363	53610.2594702342	55186.9549763644	57221.5210470182	55389.4553049664	53393.9155725814	58757.6360417363	59871.9960279565	60560.8758242845	58422.0588058394	54667.6581434028	56309.1627455713	53969.0291063418	52896.7382066078	54193.0210653124	54176.3898063829	54854.7208674469
nonPR_Cont_2	52854.3708783055	53118.5022737606	50409.2651543553	50681.5475344126	54879.7307302357	50663.2653404627	51958.4685071072	57674.3109765865	50102.8445052019	53243.8499324227	56748.9216189514	54330.1142327116	55847.5024777993	58007.054149968	56184.5910866183	54109.0310105742	59587.7622412172	60739.06503416	61387.8719986968	59231.7323912788	55431.5607078578	57105.1342932219	54704.4067952976	53581.8504335171	54899.0593002116	54850.5806723276	55636.7743606307
nonPR_Cont_3	51932.7302640558	52094.9443114034	49545.4977161108	49805.4078144774	53989.9786865272	49742.5035938776	51149.0707129249	56603.3325006901	49243.7812067817	52387.938842343	55758.8837402173	53374.2779093638	55000.6701443166	57000.0567814212	55147.5497280029	53187.1598674782	58513.6045602594	59629.0529174305	60342.5164258769	58181.4154657031	54416.387909751	56099.9542325819	53747.398072514	52651.3625900382	53921.5423259134	53942.9400122676	54633.1573152175
nonPR_Cont_4	51757.3631637463	52009.0573229519	49346.0705478495	49695.5712628049	53801.1006764901	49670.4828243976	50963.4070044482	56481.1157822891	49101.2774837819	52214.0880583474	55522.0802373426	53208.065597136	54717.1477360749	56789.5862407287	54988.373390115	52988.0991897469	58348.2525766497	59406.1598969277	60105.0868247216	57939.3652757561	54302.3066102107	55930.2050270391	53581.2177994476	52467.2475597785	53774.9762893491	53772.5491557056	54454.1097125007
nonPR_Cont_5	52434.8424348857	52610.6534134738	49989.7365827819	50242.1639526575	54468.9837003589	50189.2518105875	51550.9756236714	57101.1435380264	49635.3715540237	52832.1231645727	56280.6546293977	53848.6453241153	55480.6754239211	57477.80204521	55631.348376432	53588.5974377812	59030.1339008378	60190.8065765519	60853.1251836304	58707.5505663583	54941.0624489105	56647.030121019	54260.4924525271	53062.928148055	54354.507739722	54457.0076267714	55167.5316252342
nonPR_Cont_6	51312.7107099917	51471.4442566634	48923.9333330841	49208.9304352333	53353.6671638414	49155.2604907855	50529.925982524	55902.841466179	48619.8696296181	51730.4687820986	55009.3454592702	52736.0134046422	54337.8485199966	56280.9867270916	54490.3473698841	52524.1106486947	57834.6476009183	58915.8872260785	59573.7927911824	57481.9095965992	53799.3843737302	55416.6308046194	53055.0356067966	52010.6556490683	53293.3371707017	53282.8409668005	53952.3364253711
nonPR_Sim2_1	52717.3775068925	52921.039048073	50224.4837285936	50598.448794261	54836.070895434	50494.3867544207	51818.6891173254	57541.9071523015	49947.2377842533	53150.7064791646	56572.450760339	54231.6002013953	55888.1648944148	57759.5461272141	56006.2839430261	53935.7846137952	59419.682343274	60545.0110166138	61301.4547803768	59052.172194776	55269.395692316	57078.5397690998	54544.8144543007	53439.5271527988	54745.0375341897	54821.8381715218	55440.9857175951
nonPR_Sim2_2	51036.2665612355	51198.5774095165	48705.9588755814	48956.2189812163	53024.8817891971	48932.0144017638	50219.4521349124	55703.8820505181	48398.0337006996	51495.6773448758	54806.3173558844	52489.3970026444	54025.496679917	55984.5512986374	54265.243093122	52248.4485420135	57521.9701770003	58568.2664608174	59229.6532145728	57225.123555956	53532.4813476433	55112.2390847555	52820.8324257287	51746.9645284765	53022.0729520338	53044.8805369501	53708.1577886823
nonPR_Sim2_3	53139.0400481524	53361.1943459012	50612.6326503266	50974.5318470837	55206.9864270953	50915.4593160189	52292.9713666037	57988.1351720971	50367.674673088	53594.1643141903	57012.7478704612	54608.9523923924	56199.6932502974	58238.57695919	56450.5337294103	54393.2774000914	59841.8043629671	60988.1582885933	61663.4178534259	59439.3559466561	55718.0693428306	57422.3945053256	54972.3613379267	53898.3815837466	55147.116412493	55156.5563673817	55905.037852761
PR_Sim2_1	53153.1651338983	53281.5343001419	50657.5882987148	50996.4959998771	55401.6577219649	50917.9385674123	52303.8182271633	57877.0119081694	50306.6685881878	53560.8653929438	57138.6363901796	54808.2468244811	56400.9614661131	58257.8959377523	56405.2887977119	54350.8962041714	59894.8369736413	61073.357265559	61863.4934658793	59414.8631833276	55666.7799787326	57655.4642319483	55013.5593867307	53754.8254256487	55163.9450358442	55242.3293290897	55882.541281827
PR_Sim2_2	53233.1104167118	53512.4596252817	50782.3253006569	51128.5789361542	55484.1886558367	51030.3153596416	52373.5212023432	58214.3344851625	50493.3157849881	53712.365807042	57194.8795057409	54895.0454217926	56472.9720295346	58423.3933012148	56666.5543497768	54458.8019624159	60081.0473586798	61181.8359708363	61864.9995661073	59666.2807416948	55907.5268822544	57655.8850843561	55149.7700474258	54001.1652412908	55302.4669844436	55402.8176063215	56015.051156565
PR_Sim2_3	51445.2175305649	51650.4157105408	49099.3011573106	49407.6370512381	53519.5572579756	49383.5715394209	50681.3188814314	56146.1975310913	48817.1133646708	51896.5730041303	55229.4625927138	52903.474705465	54501.2700299822	56508.2669042442	54682.5880790364	52737.9901932972	58030.1792227217	59115.817256034	59800.7585539591	57690.3152053551	53957.8054391036	55610.6423067566	53237.2346876516	52211.0834480867	53497.0915449687	53447.2329990098	54172.5819634601
