	Zo_IVT_NP_3	Zo_IVT_NP_6	Zo_IVT_NP_10	Zo_IVT_NP_13	Zo_IVT_NP_15	Zo_IVT_NP_18	Zo_IVT_NP_20	Zo_IVT_NP_21	Zo_IVT_NP_23	Zo_IVT_NP_26	Zo_IVT_NP_28	Zo_IVT_PR_1	Zo_IVT_PR_2	Zo_IVT_PR_3	Zo_IVT_PR_5	Zo_IVT_PR_7	SW_IVT_NP_1	SW_IVT_NP_2	SW_IVT_NP_3	SW_IVT_NP_4	SW_IVT_NP_5	SW_IVT_NP_6	SW_IVT_PR_1	SW_IVT_PR_2	SW_IVT_PR_3	SW_IVT_PR_4
nonPR_Hols_1	57185.6338988471	62913.643023071	62593.4824953965	58697.8797304902	55566.9702200259	62914.22983494	60230.5670810834	64615.9079713544	61151.7157319735	61734.7116189514	66516.4830113416	57889.2686150515	55392.4669550727	58442.6448018563	61169.7491049612	61017.213198896	64312.7786171602	65417.0761903184	65330.9023961411	62152.9949436248	63312.9073948261	63768.8777325497	66247.2614684704	63966.2547581548	62442.2165981869	66731.0715894383
nonPR_Hols_2	58332.1852399717	64127.4915536686	63828.3020066094	59839.8762005357	56638.7611575427	64141.283897376	61390.3746887156	65862.6424898407	62336.1050025849	62938.4663399571	67791.3063557321	59026.8858610191	56481.9333698184	59593.0034200584	62363.4068240651	62210.0355420184	65560.8347196276	66685.7623613417	66586.5135202275	63292.3734313213	64526.20443076	65010.6394893493	67531.0812728172	65232.3539005797	63657.7512795361	68018.9781788192
nonPR_Hols_3	58452.8561323625	64380.9553065339	64076.974927088	59966.1411979324	56696.6047261527	64398.8849908035	61545.6437443489	66064.3203748094	62507.3189636972	63064.4371220668	68078.4110873147	59142.1718625574	56625.3804734328	59721.3492406405	62471.7609586746	62431.3754206668	65834.4621791131	66972.473376007	66845.6013422437	63555.5606818992	64791.6523946825	65222.9396655874	67747.9220129435	65454.6443938772	63928.6936188182	68285.3361200667
nonPR_Hols_4	59242.4070085458	65231.3000412093	64914.4481551686	60881.9178301297	57579.0019842725	65281.5498642583	62456.3288465712	67009.5056274056	63441.0324047274	64073.2730490524	69029.6751856561	60025.989616314	57319.0023372807	60548.2135915886	63389.6815699593	63318.1479765162	66796.6381365029	67857.0182921978	67739.1079111391	64489.1173445899	65567.607755073	66059.1866722472	68680.1165501587	66271.0361631276	64820.2509388126	69171.5553778954
nonPR_Hols_5	57271.536911145	63014.9560477925	62707.5383454496	58976.6734795814	55921.569747175	63034.6840301824	60375.617808659	64776.8851156227	61281.8259241601	61970.5018472904	66568.9198979918	58172.9468388077	55418.2116646003	58640.6642157986	61477.8861276668	61215.993712388	64516.1956781337	65493.8741283791	65387.2771176697	62205.4361544403	63324.6721064656	63813.6457894289	66414.061881108	63991.1178646479	62562.2356208092	66801.5801140445
nonPR_Hols_6	59410.5453637807	65407.4156134298	65082.7213915514	60917.0029039567	57622.9806202997	65406.2234405804	62558.6646831937	67114.1060149831	63519.9027932352	64144.431819735	69153.5151065522	60075.5182730047	57525.7983594027	60686.5166824178	63500.1651394537	63460.3196168796	66860.0543153866	68045.9529123215	67884.1022432665	64597.7435238827	65774.2834491924	66242.3784661659	68833.7096026272	66465.5429735601	64928.6980196575	69372.7636205936
nonPR_Hols_7	58782.3715304754	64758.3724395733	64444.0645423313	60311.2220950574	57061.3498621423	64729.5767300451	61905.6732336232	66428.0926912945	62854.315742307	63463.6878166469	68469.8393155089	59458.8528704886	56947.2422334243	60050.527094042	62859.8897394235	62800.6759799876	66228.8778339185	67338.7787782539	67205.8714741367	63934.8346449229	65163.8331466027	65602.4007619997	68135.4121958381	65838.4514058809	64314.0147618227	68668.3596345538
nonPR_Hols_8	58833.0199018011	64864.6503229868	64548.2675099976	60366.2752954565	57108.5931617551	64834.9049599584	62002.4962622769	66538.3994820575	62932.1947148198	63555.9142737922	68556.0186047318	59529.2913702482	57031.9541529045	60161.312040337	62923.3550202613	62909.431782694	66320.1043770752	67451.7787022484	67310.8538493788	64018.8524140618	65224.5859772509	65674.1933022088	68254.1920906365	65887.1901716461	64380.1433146305	68766.3718262071
nonPR_Hols_9	57961.6186374009	63743.3444907616	63400.7018534149	59390.0581235319	56161.6050147829	63726.6261116089	60982.3438808247	65439.5630216741	61922.2882747475	62512.2312361676	67384.0593528902	58604.769587242	56111.4849298999	59113.2563701814	61912.6913599576	61825.7893413532	65141.383550845	66276.1672495137	66163.1940994542	62923.0514543163	64100.644344375	64565.723698221	67063.1918619211	64790.0773980957	63287.3196758004	67604.3995895127
nonPR_Hols_10	58728.0173944919	64699.5219023075	64395.3640684169	60234.2036218907	57003.6223864054	64703.0318289122	61874.9440460897	66390.3652795752	62818.7585844342	63423.2093496216	68412.3343224363	59392.2247570806	56907.4745915632	59997.1995567296	62766.8789186624	62750.3095148613	66176.1649024289	67325.1726084852	67157.1277605726	63890.6175331883	65061.2069872846	65531.8077399	68084.2678420934	65766.3859055333	64253.863245942	68628.8534795808
nonPR_Hols_11	57273.3064456706	63058.8355779891	62749.2850636095	58743.471597129	55652.7693608894	63001.7566026067	60345.9538997681	64711.6899589787	61229.3529835168	61842.8727805675	66664.9087612527	57937.5512927046	55508.8835820255	58523.4932639942	61243.3455905003	61168.3223944742	64540.2583423675	65535.9343043405	65460.4006962082	62299.2538974488	63487.4041806558	63908.1157620108	66395.2034540332	64083.9990696698	62629.5629076176	66848.6228351458
PR_Hols_1	60541.2739613425	66661.3331994061	66347.5380986573	62108.101330065	58766.3224272802	66703.3344305452	63773.6886962872	68433.5466274278	64745.8981328179	65364.1458712704	70488.7435139777	61229.9926088616	58547.5541934247	61841.278081429	64716.2991021269	64669.075846236	68145.5806609652	69369.020067456	69162.3094312691	65803.3941677323	66983.8242982617	67519.4571234102	70146.8632401098	67755.0966494814	66149.4987599194	70705.0988084813
PR_Hols_2	59468.7868321011	65422.4791793166	65051.7001784653	60928.3254120019	57647.9449183046	65414.5219943508	62557.3592980579	67127.9680847149	63568.4529779133	64177.7230835639	69129.9669063359	60040.2416545979	57521.6945652416	60661.2403434094	63501.3660123705	63456.860838452	66854.6227480046	67985.827270385	67881.8235773097	64589.8095901956	65755.8245770256	66270.4771621862	68849.6944507692	66467.5973160177	64947.1857998289	69333.5556908355
PR_Hols_3	58779.3371071765	64698.5256091398	64393.5306817719	60261.0046621576	56964.1192976248	64681.9038145553	61885.0366395659	66378.1159303807	62836.7707624285	63409.1410059425	68426.0373783847	59453.8791618305	56952.1074296097	60003.7958136997	62787.2615045741	62745.1206639901	66126.7511859248	67283.1518656803	67158.2990611418	63909.4575598043	65106.0493415215	65539.0394788816	68059.1574715632	65761.6606395969	64249.1070256488	68614.1507497132
PR_Hols_4	59087.9651486111	64995.3335844494	64626.753524308	60583.8712307396	57328.5534953465	64997.3284958108	62185.4539119612	66704.2968576973	63143.0650476211	63794.2371916972	68666.4940588398	59707.2545262493	57153.2867836915	60282.2243417483	63134.0323286933	63049.8635007553	66439.2581006312	67591.4559285969	67426.8967598283	64182.7153340441	65313.5347304066	65813.239784727	68392.4367749705	66034.9118680343	64520.5411424866	68924.1712794669
PR_Hols_5	58877.0226521944	64754.660359263	64451.606788955	60395.3591161335	57152.1891708553	64745.1558768653	61990.0702604797	66456.5973269248	62917.7286200357	63536.0397044256	68430.1140687044	59545.1770837237	56995.8021864272	60125.8169011337	62943.1500445733	62886.1952507364	66163.86858711	67299.862179917	67193.2512883314	63948.4571668284	65104.0334727341	65589.0211309498	68153.9100602431	65785.1440742193	64230.5449989737	68644.1420091129
PR_Hols_6	59098.0370062149	65063.0432499096	64732.4876326618	60622.1448481035	57336.9706833417	65032.292328152	62241.6939635736	66767.4771408632	63189.2602539923	63809.7290758966	68788.561045545	59757.5490540293	57197.6888380256	60316.0359956582	63168.5512287812	63110.7821656426	66501.4185481855	67667.244413726	67519.4321686575	64243.5909129274	65397.647040276	65881.4309712098	68444.4292899245	66119.9721702847	64576.6216768838	69007.6686701291
PR_Hols_7	59482.063899389	65558.8799793007	65202.6076528953	61000.2821632864	57685.2604465705	65544.163060538	62667.4337282971	67232.222878123	63616.2465486751	64256.7964230972	69295.983219579	60117.1137097202	57611.037968509	60768.9427990788	63536.1778614745	63583.8728265903	67003.3351890115	68150.5201571402	68006.0508726004	64720.9821360981	65893.2846157719	66380.7982069182	68956.1164014964	66601.8145921782	65058.1935252954	69482.290855142
PR_Hols_8	59386.0822317928	65368.630075279	65009.6790641804	60877.1141814629	57602.7217007757	65374.0712298235	62512.4290684764	67067.3862076284	63472.1060130651	64101.9023005372	69092.2394537625	60021.9017647135	57470.047640154	60605.0072735906	63434.3715733071	63421.3274328358	66776.9090753558	67971.6185301472	67824.6519951983	64539.1959790412	65716.1344770561	66169.8338453759	68756.1989122155	66420.1868260464	64874.5855882705	69291.2137749943
PR_Jap_1	60925.7412474411	67054.5037416492	66654.0443079538	62657.6612669049	59386.4393624212	67032.9330749011	64252.5091055076	68909.994859588	65120.6048270049	65801.5796858948	70778.6527311553	61770.276038398	59092.4180119186	62366.1993881353	65398.4623808753	65209.1548512238	68494.3942333439	69579.692252539	69522.5452123178	66241.4933618516	67449.0771768872	67906.3981505224	70614.574628282	67844.4484979597	66455.2832964673	71013.5135013716
PR_Jap_2	60960.6359960966	67044.5415014842	66657.8885858329	62671.734332477	59341.9482229301	67073.845757726	64254.8938864031	68929.880354354	65077.0127386882	65821.1768504167	70829.972214909	61768.9168093873	59098.9691531749	62373.4432904475	65382.1105227376	65148.6352155541	68537.5544728146	69623.7222404767	69548.9888114126	66273.4521596732	67472.533529083	67983.4418116855	70604.6592875367	67902.3344528748	66516.875849585	71039.1547102679
PR_Jap_3	61160.4066135702	67319.0808627045	66895.3933427743	62874.1646446904	59481.0990925953	67322.7033786474	64439.2865021505	69163.8784660892	65356.7714678466	66020.1922145749	71066.9173363237	61897.3469424732	59315.7593799424	62550.4508734573	65516.6896554503	65445.8097586055	68740.6246049592	69837.9303180594	69770.0284906421	66546.0997654105	67733.6135184657	68162.2765794188	70857.4521741256	68148.4644905398	66731.2442763631	71280.7507926066
PR_Jap_4	62103.8511805912	68429.9879224165	68074.2628685487	63897.1995359885	60593.7016840194	68424.8260555667	65567.7935733289	70324.4818401703	66351.5558340034	67105.9689025826	72278.2481175855	62942.6608101338	60316.8156809364	63658.9767483507	66657.7322584148	66497.9233187191	69970.332468299	71059.814283897	70987.6702631994	67593.0324144851	68879.6210734379	69355.4291743064	72107.6148514511	69285.4045203887	67836.2358206454	72499.0975944332
PR_Jap_5	60990.3633666694	67035.6645923418	66678.7177232687	62684.797792502	59353.2699705071	67084.2727933565	64250.3156030673	68921.8053750015	65091.1674148976	65786.1735344176	70807.5825215319	61750.227550976	59114.0097416065	62387.1336143243	65370.252903209	65187.2301877154	68507.7872010813	69594.3836890267	69537.1749738765	66253.8195489451	67452.0686401156	67969.0131463856	70615.3824227936	67899.805540961	66456.5253299014	71020.6708473639
PR_Jap_6	60254.8079426164	66352.1940202061	66007.1162379694	61980.7153300328	58868.8924956524	66420.1764665828	63553.6355322243	68216.4836753865	64425.9762501262	65114.7978145528	70011.3431402563	61101.6587138392	58471.32454343	61704.1836788944	64710.722939624	64531.0982371742	67884.1198086002	68877.6719901529	68782.4618659776	65553.3073756659	66760.6502007192	67213.8329684207	69936.9639969143	67145.5887962106	65793.5218282378	70290.9312234334
nonPR_Jap_1	59775.3410586319	65770.2754753203	65460.0841873714	61473.4033965998	58341.6909093118	65812.9281765995	63033.6863011212	67575.9773262137	63857.9811252138	64581.5071281301	69473.2476797523	60541.2535651934	57992.1683596157	61232.1317281062	64146.2486139153	63963.3724754358	67336.5660441698	68279.0324873297	68236.1958407805	65016.6358312205	66233.9550708345	66681.1992189133	69343.9278756239	66620.9048192396	65262.2688141364	69705.3320662735
nonPR_Jap_2	59740.5792979939	65607.0101092927	65208.7820563551	61392.6176868904	58276.1501296052	65675.3257896271	62916.574009104	67512.8231295539	63750.6480393204	64534.8522106096	69295.1352409047	60468.1202573107	57848.5402036171	61061.3956937315	64078.9715611291	63818.4068495856	67174.2744678346	68133.2132175395	68079.7995474648	64856.905954229	66043.3972120338	66481.2756913519	69158.8345057348	66444.0607032219	65115.3099449411	69537.3708233628
nonPR_Jap_3	60424.5791882143	66358.3879572071	66004.6483980979	62049.5068581806	58889.9795604477	66375.4948243266	63631.2556636967	68235.8995386451	64481.015274814	65218.9074194701	70085.5101812796	61158.4732912628	58570.2373005814	61811.8256459696	64795.6803717865	64576.1238447772	67869.1573139136	68923.1863087273	68825.5175463652	65604.69936115	66792.9414463152	67281.353738859	69921.7555203222	67196.0802650609	65810.9380836583	70346.9220857075
nonPR_Jap_4	60618.9240175467	66692.2963644752	66343.4957241161	62384.6689994405	59121.7328943806	66750.1450056757	63921.2285386329	68577.1311927406	64761.0851430439	65467.4113491525	70406.7571115881	61415.8868723578	58739.7326984548	62016.592703125	65060.7051490163	64868.5154735297	68216.2404525994	69227.2255021298	69165.1753710572	65884.9202214667	67076.8673483761	67579.0199780152	70294.6973842853	67486.7119246039	66124.659167319	70644.9632015642
nonPR_Jap_5	60278.6678297585	66270.9435282624	65902.1625016325	61973.1217950205	58907.0818926233	66323.3896762499	63550.276643161	68161.4787525732	64373.9644834351	65137.8185269124	69934.2566619065	61068.0179065926	58455.1433144372	61698.6389680069	64743.0444188759	64512.4405221573	67838.7169223076	68803.9189103911	68714.5619430197	65461.571950521	66652.1460603749	67138.8116467351	69868.3261044154	67071.2571005644	65728.5413916422	70226.5059108543
nonPR_Sim_1	55202.0646358351	60545.8153366025	60252.3790326434	56706.4493973466	53427.3650686109	60733.2717326421	58115.83880392	62355.2132745984	58978.9953161252	59685.3294848535	64149.2862072283	55963.9359187387	53368.0644724797	56350.8270567798	59116.951235903	58926.9980110506	62019.2772113016	63095.6807725998	62992.5496822983	59908.4094142559	60954.1776592211	61513.4605984783	63763.8969952433	61783.2457289242	60249.6096090372	64385.5124852262
nonPR_Sim_2	55642.9203115528	61041.9042180942	60773.0446873036	57088.1369887984	53905.9798295439	61223.5412313218	58616.2098894607	62813.3443791004	59450.2577126159	60110.4352472793	64681.3207212665	56332.5478740898	53792.1297203114	56862.003859148	59579.1522723012	59435.4131986219	62519.6123505239	63624.089006138	63525.6109607189	60323.0002587137	61430.1611643527	62025.2398827943	64293.4869219701	62312.3896975627	60716.0618788494	64910.3073352416
nonPR_Sim_3	55426.3067563243	60830.2932213525	60481.1562946595	56928.6290489174	53575.9861708078	61043.5436785788	58328.4327461819	62636.9585807135	59230.8675968626	59931.8844710966	64429.1068092214	56138.0987584141	53592.9845877782	56573.6334795403	59318.4692429162	59181.7918408053	62283.2798295225	63360.6128591066	63249.9824179252	60167.2805818556	61207.6195580342	61771.0017588835	64014.0580385999	62055.5037700005	60550.9764383991	64655.268003785
PR_Sim_1	54088.4193124517	59327.3823035438	59036.4411733317	55539.2862667577	52380.957914917	59496.0664620775	56910.4135167183	61078.5989192482	57787.7895866483	58390.7931470636	62831.131056987	54770.373151528	52230.4527403431	55223.532836998	57891.0188259743	57693.3831005254	60755.5644286618	61783.6512114578	61720.8162058179	58670.5113928701	59752.5015641496	60276.4398321208	62487.1444311546	60530.4435160711	59028.0635391993	63051.4868298962
PR_Sim_2	54468.3622764337	59675.987373299	59348.8251187679	55865.5630849096	52740.8807762699	59801.7893807931	57289.7925137637	61424.8043885311	58097.8203517926	58789.4032240645	63192.4867767882	55110.6722305374	52588.5968825921	55557.6780217737	58310.7251245193	57994.775594965	61122.5699066098	62152.2271114984	62098.544998472	59002.671453041	60108.4012231678	60648.6938854784	62868.167460121	60926.2149196978	59364.3374459774	63439.6571737151
PR_Sim_3	55004.3932732618	60301.2307248225	59995.1495132381	56454.640392809	53295.1770877502	60449.3855836095	57857.109539536	62067.4288142043	58713.2845455925	59398.8455407149	63818.9676790547	55677.6606477321	53168.7636459573	56135.3073321856	58896.6685841583	58681.6044190632	61760.8634964041	62800.2414608084	62702.4469664955	59588.367716878	60676.9070492083	61241.3056611934	63503.3597608488	61506.1523574392	59946.9363307186	64090.511211591
PR_Cont_1	54085.7716156077	59339.0776582015	59101.7748886908	55552.0377019764	52456.521230076	59471.7106322277	57009.5734088486	61068.9618920121	57818.0443894549	58446.0042875321	62904.5314918303	54803.6005753299	52351.2775756565	55298.6037378845	57944.7217265862	57766.5339305047	60797.6388009344	61832.076097394	61732.5081645916	58762.3559757958	59785.0779541929	60313.3785178707	62521.2221480293	60584.7894690172	59063.9584286463	63106.2983707504
PR_Cont_2	55228.0052554544	60591.2734345164	60273.7041782434	56681.4096477843	53402.5250426467	60739.4961655648	58114.6167018505	62343.4158107116	59003.1715791289	59676.167581061	64157.8176900134	55865.2330921631	53355.3679434247	56335.7820871295	59094.1606116073	58923.2451319705	62036.3984796105	63112.7526883273	62986.4885262839	59888.4641115224	60957.8571877595	61534.7239146775	63799.134252095	61804.1983167356	60275.6687595096	64388.1211356177
PR_Cont_3	55237.2701716934	60506.8105634674	60193.590207197	56671.688294133	53361.2156222451	60673.9335571385	58000.3177326572	62280.1045695361	58926.2095028574	59546.0220672455	64083.0767471229	55852.853938594	53359.685484554	56344.955087277	59018.6818687388	58861.5170166542	61933.136487184	63004.9654527277	62926.6851785217	59873.6679749488	60936.3469135485	61473.6946309739	63687.3615174228	61721.4053202576	60193.1399212046	64304.8026642128
PR_Cont_4	56093.8518534967	61528.5731464728	61222.4803479541	57588.5328444116	54225.8045380479	61717.4162814735	59016.9773064165	63361.5402695116	59926.4099364693	60590.9870547895	65191.7688980256	56790.956671133	54179.4159738191	57237.8083774307	60038.281929689	59867.9443201039	63018.496554536	64128.9876737294	64043.1484959857	60837.9072304987	61920.3178786269	62517.5074521464	64781.323396831	62806.7269316397	61237.7746364938	65423.0695424292
PR_Cont_5	56059.7781134919	61570.3622908973	61299.1516250769	57556.5218473772	54255.5906631079	61735.3439615415	59040.1311063705	63344.9434285977	59924.367624166	60569.2627277911	65196.9296904771	56764.1916375169	54242.2859446758	57270.1641869012	60009.2188527278	59899.3135034582	63048.609798437	64159.3232346576	64068.0851671148	60865.157986433	61974.9289828455	62528.0055706881	64808.0662700736	62827.0506083695	61227.069414468	65445.4888461229
PR_Cont_6	55327.2878634065	60628.0573329326	60286.0685475882	56771.3276588844	53511.5232861729	60790.3237949846	58198.2253657701	62452.8326782287	59050.5263188087	59758.0909207682	64243.3065017172	56016.0240028293	53436.6423011796	56424.0487501248	59224.2593896303	58944.8824388868	62088.6164699994	63166.0568212867	63093.4968230945	59974.3478342413	61078.108057377	61643.2612825556	63831.1870992714	61920.3125950164	60363.1607270713	64469.0024705727
nonPR_Cont_1	54708.8328592708	59949.8347606611	59683.2886133918	56204.3056305962	53006.2492393703	60167.1186538701	57557.6586064516	61763.9151660307	58423.6578843703	59088.2551405812	63523.7393030519	55428.3985040771	52854.2128889623	55859.0370134156	58572.4931972685	58327.9093135865	61454.10147022	62481.3866183692	62377.3174358035	59311.5115773122	60409.7997112044	60959.3132042227	63163.1800628776	61235.6560271998	59715.6742796293	63764.9498509112
nonPR_Cont_2	55459.3298662	60827.2140453326	60459.9099288622	56834.3528721597	53558.2563161831	60966.0661770786	58292.3957400497	62586.7478277232	59191.7341269331	59832.7361034984	64424.9642769446	56065.8342843032	53583.5608026554	56528.0908120978	59291.7185467207	59155.1144864717	62227.0020955684	63348.1961880155	63242.5164220428	60143.8798519807	61197.1866918848	61761.2296546637	63995.1258728184	62051.8620025244	60469.012585047	64633.656881492
nonPR_Cont_3	54482.7739591251	59837.7861537006	59525.7838411099	55978.7990373463	52832.4084970743	59979.1588080906	57381.9111371826	61588.9093445555	58206.5789380032	58884.3552166381	63343.8254007663	55235.0164068757	52655.7518412325	55645.8380413758	58392.0975883708	58167.1473273749	61287.1115628773	62325.0470366782	62212.1268951136	59102.2197267735	60222.0460508664	60759.8299548039	63032.8832231429	61002.8357534592	59487.5388973884	63588.3730156471
nonPR_Cont_4	54258.5958293073	59514.716665661	59234.8951650872	55667.0037310361	52513.5973980858	59674.1065604877	57138.6100439508	61265.8736941413	58002.5381122661	58610.3866031886	63043.8620289639	54930.59261702	52426.2661942383	55330.9621624569	58073.9889468284	57897.1269060594	60920.5122516757	62023.5659134341	61937.6280290773	58871.5537729077	59880.2345661553	60461.9165893727	62673.784567018	60764.8135912481	59185.991295894	63296.5159404721
nonPR_Cont_5	55006.6532615426	60346.4026573753	60060.4750876708	56495.0437343743	53336.5298237967	60521.2051833252	57925.0948388718	62143.1887150063	58728.0715555178	59423.3014014991	63865.1886190782	55731.8907996532	53189.6960231359	56179.731102154	58938.4714745704	58714.3217027118	61799.8761488186	62844.2163067911	62788.3439873128	59576.8305662445	60703.2221803088	61288.4609909498	63573.2538377206	61565.5319505636	60000.7485385253	64137.5137072384
nonPR_Cont_6	53848.9994264912	59034.3635105806	58734.0534145922	55307.0494909044	52244.9176909878	59194.6000954083	56706.1347644867	60797.8953331117	57527.0630997226	58185.2564476271	62513.7396413587	54579.0584374325	52040.2294111977	54995.0672980055	57682.6457335256	57431.9572424237	60504.4969833727	61518.0666224183	61409.0693429601	58377.4237783885	59462.6298038501	59994.4548650486	62229.054040829	60256.4938446442	58749.4706230503	62788.0054970117
nonPR_Sim2_1	55409.6007716964	60752.6245446783	60493.6497068041	56867.6706163648	53616.7326192643	60955.000678504	58334.7120637687	62541.4207938434	59116.9414943539	59818.1035436804	64328.9673186895	56113.3907761074	53575.6104458962	56580.568390888	59321.4303054414	59147.4368546586	62196.3946928061	63322.9161040767	63189.7477454717	60009.4738938171	61114.1832222475	61718.8896650525	63996.506966646	61982.4754661599	60369.7823804996	64608.4125000702
nonPR_Sim2_2	53492.4378931616	58648.4899870988	58343.9593925912	54949.5169698893	51789.329826618	58808.054438035	56288.7127946898	60449.5828731694	57148.6395205138	57781.1456526734	62137.5445475609	54189.2991935332	51672.0168628069	54607.4031142207	57248.0974397704	57029.6597616892	60101.1422841146	61078.571474754	61040.4493436157	58051.2966833356	59080.5157759398	59647.3459854586	61794.4780594714	59889.0528471558	58437.5434794512	62341.7909178907
nonPR_Sim2_3	55686.8075703516	61102.3115933394	60779.334259768	57100.3876144484	53926.8718158899	61290.0607927691	58602.9014940843	62882.1116733677	59485.5596130206	60149.1949406562	64713.5773762212	56298.8395629467	53789.465196386	56858.5991829078	59548.7724126405	59412.9453279339	62560.6716687006	63720.3747763588	63573.833541284	60408.8356632628	61504.3550376154	62053.8097725437	64338.2559994364	62330.5173223629	60756.6368560562	64985.7415984943
PR_Sim2_1	56006.2232849076	61470.5710891793	61179.3434583056	57502.4315831884	54413.7708315105	61598.9466145693	59011.8253595872	63198.5839099196	59835.7297454521	60533.0809552306	65032.5960793947	56719.5829581999	54213.2728787629	57247.4346921467	60088.8942410734	59872.6063419376	62931.4038376807	63997.9180676875	63891.6543661348	60645.9276497759	61740.1497209723	62334.2145532074	64771.1618945393	62578.3939901719	60953.4559292742	65297.4916252097
PR_Sim2_2	55966.0326813311	61423.4004549182	61068.3970495141	57447.7905540171	54101.6389848466	61625.4926663824	58862.6376806371	63181.5658514656	59786.4864154905	60470.582742489	65040.7617409084	56656.5861608272	54071.5928892675	57114.5037919476	59888.3196134355	59759.9788585538	62869.4055428368	63956.4287854175	63825.4001682248	60743.94168326	61850.6581070496	62296.6529091257	64621.8105206571	62575.779192502	61071.0150126931	65239.2985727285
PR_Sim2_3	54018.2913541862	59247.9411486977	58963.63472258	55488.416877754	52300.0494673795	59444.1606210485	56841.9765349522	61009.2251112569	57721.7216826707	58378.496115988	62740.6995832904	54731.2895473418	52205.828466211	55149.4333483914	57843.8037664509	57618.1209626039	60708.5635189112	61729.7082627227	61661.1975744375	58603.8444143066	59659.6284865034	60226.6669335066	62424.9558018067	60493.4533226733	58979.1634253341	63001.7363484761
